Planet 30.0 red 1.98892e+30 526750.8218218955 3157478.502300201 0.08914091015072098 0.1050148038931315
Planet 5.0 green 5.974e+24 -25770814284.899967 145500125263.1111 -29677.626216433102 -5202.5115097298685
Star 30.0 red 1.98892e+30 886662.8027332627 1241420.257049046 0.016722846757834354 0.17812289391156874
Planet 5.0 green 5.974e+24 -145596079948.48364 27085862738.180687 -5567.526677869491 -29542.341171509346
Star 30.0 red 1.98892e+30 33604.38691465857 2807368.4879439464 -0.03279693433496006 0.005502942451054598
Planet 5.0 green 5.974e+24 138412112952.412 -53713806622.63527 10919.06237654665 27927.908888558188
Star 30.0 red 1.98892e+30 0.0 0.0 0.0 0.0
Planet 5.0 green 5.974e+24 149600000000.0 0.0 0.0 29760.0
Star 30.0 red 1.98892e+30 391968.8527447754 3018045.9918791805 0.0897872123416367 0.07746298544705629
Planet 5.0 green 5.974e+24 19102060495.291595 146400984815.99738 -29892.799191584785 3970.297787854214
Star 30.0 red 1.98892e+30 9525.773712217084 5625175.685934138 0.01286098001461748 -4.200662098228251e-05
Planet 5.0 green 5.974e+24 146428590249.13028 21569771568.01088 -4281.7978524728405 29773.985237463265
Star 30.0 red 1.98892e+30 352605.9941116848 5449888.458737329 -0.08859692854045215 0.07018389613866186
Planet 5.0 green 5.974e+24 32207111849.91835 -143949317399.87344 29496.51876676876 6393.7203367747
Star 30.0 red 1.98892e+30 434525.84018755105 5870949.987424116 0.09070841037544769 0.08604068368387406
Planet 5.0 green 5.974e+24 4933589878.505264 147246253710.11282 -30199.493063932936 1114.5301987728062
Star 30.0 red 1.98892e+30 708065.7933791794 3437472.8747583367 0.07401151468746199 0.14238167980689298
Planet 5.0 green 5.974e+24 -86135891825.86592 119008760667.9129 -24640.606259154207 -17643.04161391467
Star 30.0 red 1.98892e+30 830831.5387650052 6564476.921148902 0.046459128553105404 0.16713332942735146
Planet 5.0 green 5.974e+24 -127008212936.12926 75300749932.2655 -15467.60796147321 -25883.592494919103
Star 30.0 red 1.98892e+30 306566.11935009755 5762053.396051656 0.0856258298241312 0.060112201235261654
Planet 5.0 green 5.974e+24 47535137914.66368 139926520592.89835 -28507.35277097609 9746.883280743894
Star 30.0 red 1.98892e+30 821278.4655701137 7529058.983321375 -0.04895695840910005 0.16552037884326617
Planet 5.0 green 5.974e+24 -123827714385.95218 -80575520394.746 16299.208858223506 -25346.593888341093
Star 30.0 red 1.98892e+30 799398.4773513963 6462576.100727835 0.05583567431548976 0.16071522676105673
Planet 5.0 green 5.974e+24 -116543223899.18756 90624147704.4036 -18589.335346428485 -23746.817678205756
Star 30.0 red 1.98892e+30 518212.66260174225 3145680.8489418686 0.08925947332605078 0.1032071091753624
Planet 5.0 green 5.974e+24 -22928210395.358147 146268864666.6387 -29717.099378582036 -4600.676863250912
Star 30.0 red 1.98892e+30 51752.48311768584 2802037.5562490476 -0.040843453505929425 0.008859548025500912
Planet 5.0 green 5.974e+24 132370078888.10939 -66418919860.5081 13597.984858890577 26810.39634099768
Star 30.0 red 1.98892e+30 468798.3449755252 5346264.278810485 -0.0898714229688982 0.09362873224645352
Planet 5.0 green 5.974e+24 -6476733225.430943 -148484419354.5396 29920.835381871668 -1411.7539570836725
Star 30.0 red 1.98892e+30 271897.1119217068 2922937.8419045713 0.08227535541623207 0.05406478381055005
Planet 5.0 green 5.974e+24 59077468389.133965 137172235062.59756 -27391.88146877334 11760.246097007132
Star 30.0 red 1.98892e+30 190038.63847466078 5688684.078609703 0.07325697555956182 0.0370131472688919
Planet 5.0 green 5.974e+24 86330557610.47331 120825698275.1607 -24389.398029783126 17437.236547364828
Star 30.0 red 1.98892e+30 703253.5002866149 2207103.9959608004 -0.07371651966578852 0.14033624970378009
Planet 5.0 green 5.974e+24 -84533738163.71764 -122976709024.08847 24542.393755219327 -16962.057877610205
Star 30.0 red 1.98892e+30 164696.67599352432 2762719.1534720184 -0.06927337984261539 0.03285691784212679
Planet 5.0 green 5.974e+24 94767640974.72026 -115700271807.96437 23063.142055000928 18820.967352768188
Star 30.0 red 1.98892e+30 14771.505788943952 2810003.615716198 -0.019403198001430047 0.001154436220987219
Planet 5.0 green 5.974e+24 144682132023.14175 -31261432567.052345 6459.894303482323 29375.654287136716
Star 30.0 red 1.98892e+30 471265.779578922 2533649.680177859 -0.08939935811486265 0.09398279874968152
Planet 5.0 green 5.974e+24 -7298214650.169252 -149203444468.8065 29763.67113187355 -1529.6330915996452
Star 30.0 white 1e+30 -61928952173.8793 -30072766395.25134 12919.332632850694 -2607.502986589212
Star 30.0 cyan 1e+30 61928952173.8793 30072766395.25134 -12919.332632850694 2607.502986589212
Star 2.0 red 1.98892e+30 158519477.31464618 38934476.384144604 8.159916504741295 2.5892695401635155
Planet 2.0 orange 3.302e+23 57016809874.29372 -10993952500.833456 9066.91266692869 46999.3760451776
Planet 5.0 blue 4.869e+24 102176615526.13272 -36198226600.81328 11730.798854247874 32983.61610634024
Planet 5.0 green 5.974e+24 46839237415.40153 141834761461.62564 -28331.42766122814 9292.212519526369
Planet 3.0 red 6.419e+23 -148789467388.5247 -172457224040.76068 18260.195711032742 -15785.454699287327
Planet 20.0 yellow 1.899e+27 627477575744.9686 461103391301.54895 -7724.4398727454245 10535.944272062634
Planet 15.0 white 5.685e+26 1383142090214.8757 361156724328.8878 -2436.2438465950586 9359.301841189137
Planet 8.0 gray 8.685e+25 2859497228378.6074 257889646960.76614 -608.8054720336124 6812.756451001178
Planet 7.0 blue 1.024e+26 4493613856043.056 206816666868.00397 -248.15292181390524 5474.324072592082
Star 30.0 white 1e+30 -45320074296.20039 31014479134.786777 -17193.9608072156 -369.33437467190635
Star 30.0 cyan 1e+30 45320074296.20039 -31014479134.786777 17193.9608072156 369.33437467190635
Star 30.0 white 1e+30 -34486373114.74575 -31262515529.17379 19867.880373887 2062.2614759683133
Star 30.0 cyan 1e+30 34486373114.74575 31262515529.17379 -19867.880373887 -2062.2614759683133
Star 30.0 red 1.98892e+30 0.0 0.0 0.0 0.0
Planet 5.0 green 5.974e+24 149600000000.0 0.0 0.0 29760.0
Star 30.0 red 1.98892e+30 98910.70206651335 2835266.027300918 0.055978249854033886 0.019570113309002445
Planet 5.0 green 5.974e+24 116669723208.21336 93375176744.18585 -18636.802929307785 23244.534689899538
Star 30.0 red 1.98892e+30 1524443.5882086193 3710467.1912884703 -0.013718642890272092 0.1399733124131109
Planet 5.0 green 5.974e+24 -317932029035.80237 -63065835422.15554 4567.339005242759 -16841.22539750316
Star 30.0 red 1.98892e+30 1024568.0948702624 3035711.0315267174 -0.04739332564540228 0.14216308547301212
Planet 5.0 green 5.974e+24 -171508800677.82935 -128892340890.0383 15778.629602051158 -17570.2651421128
Star 30.0 red 1.98892e+30 899924.6618124163 3343574.092937031 -0.06180756862251894 0.12813635969668125
Planet 5.0 green 5.974e+24 -130011342211.57483 -163770490889.7435 20577.554299414223 -12900.356298614435
Star 30.0 red 1.98892e+30 1144000.4789919874 14304138.698808294 0.021699033286925764 0.1549684139456239
Planet 5.0 green 5.974e+24 -211271347953.90204 60150221210.90862 -7224.245277038906 -21833.534962291556
Star 30.0 white 1e+30 -95458614672.25714 -795760582.0037154 -351.2778279363685 -5764.58745958247
Star 30.0 cyan 1e+30 95458614672.25714 795760582.0037154 351.2778279363685 5764.58745958247
Star 30.0 white 1e+30 9993726391.439974 520296156.9910781 -1445.82460198707 59962.39235938874
Star 30.0 cyan 1e+30 -9993726391.439974 -520296156.9910781 1445.82460198707 -59962.39235938874
Star 30.0 white 1e+30 -1382199227180.7998 815376444041.8102 -15053.683291681518 8446.26340582941
Star 30.0 cyan 1e+30 1382199227180.7998 -815376444041.8102 15053.683291681518 -8446.26340582941
Star 30.0 white 1e+30 -649653571954.3977 401768248738.8187 -15130.633291298103 8433.73803559834
Star 30.0 cyan 1e+30 649653571954.3977 -401768248738.8187 15130.633291298103 -8433.73803559834
Star 30.0 red 1.98892e+30 728595.6867095467 565405.2656509122 0.07368501705733119 0.10758386223431818
Planet 5.0 green 5.974e+24 -72970896084.75917 187724460604.72342 -24531.90561192952 -6057.82646050889
Star 30.0 red 1.98892e+30 7094.610558465691 4206806.298437474 -0.013955632180692316 0.0012415551930967741
Planet 5.0 green 5.974e+24 167237995843.32712 -30003090477.85425 4646.239698162325 29346.64982345947
Star 30.0 white 1e+30 -335251225606.9656 -1633740717.1541407 -395.28038512980424 -1702.1437718139216
Star 30.0 cyan 1e+30 335251225606.9656 1633740717.1541407 395.28038512980424 1702.1437718139216
Star 2.0 red 1.98892e+30 0.0 0.0 0.0 0.0
Planet 2.0 orange 3.302e+23 57909000000.0 0.0 0.0 47870.0
Planet 5.0 blue 4.869e+24 108210000000.0 0.0 0.0 35020.0
Planet 5.0 green 5.974e+24 149600000000.0 0.0 0.0 29760.0
Planet 3.0 red 6.419e+23 227940000000.0 0.0 0.0 24130.0
Planet 20.0 yellow 1.899e+27 778410000000.0 0.0 0.0 13070.0
Planet 15.0 white 5.685e+26 1429400000000.0 0.0 0.0 9670.0
Planet 8.0 gray 8.685e+25 2871000000000.0 0.0 0.0 6840.0
Planet 7.0 blue 1.024e+26 4498300000000.0 0.0 0.0 5480.0
Star 30.0 white 1e+30 -321657796475.9764 25538968576.972168 -2939.4051829425084 -1538.686855472509
Star 30.0 cyan 1e+30 321657796475.9764 -25538968576.972168 2939.4051829425084 1538.686855472509
Star 30.0 white 1e+30 -94573838064.68039 10535233145.88202 -3763.505261329782 -5396.318951094094
Star 30.0 cyan 1e+30 94573838064.68039 -10535233145.88202 3763.505261329782 5396.318951094094
